0 0.99 0.01 0 1
0 0.989802 0.010098 0.0001 1
0.1 0.989602 0.0101969 0.00020098 1
0.2 0.9894 0.0102968 0.000302949 1
0.3 0.989197 0.0103976 0.000405917 1
0.4 0.988991 0.0104993 0.000509892 1
0.5 0.988783 0.010602 0.000614885 1
0.6 0.988573 0.0107056 0.000720905 1
0.7 0.988362 0.0108102 0.000827961 1
0.8 0.988148 0.0109158 0.000936063 1
0.9 0.987932 0.0110224 0.00104522 1
1 0.987715 0.0111299 0.00115545 1
1.1 0.987495 0.0112385 0.00126674 1
1.2 0.987273 0.0113481 0.00137913 1
1.3 0.987049 0.0114587 0.00149261 1
1.4 0.986823 0.0115703 0.0016072 1
1.5 0.986594 0.0116829 0.0017229 1
1.6 0.986364 0.0117966 0.00183973 1
1.7 0.986131 0.0119114 0.0019577 1
1.8 0.985896 0.0120272 0.00207681 1
1.9 0.985659 0.0121441 0.00219708 1
2 0.98542 0.012262 0.00231852 1
2.1 0.985178 0.0123811 0.00244114 1
2.2 0.984934 0.0125012 0.00256495 1
2.3 0.984688 0.0126225 0.00268997 1
2.4 0.984439 0.0127448 0.00281619 1
2.5 0.984188 0.0128683 0.00294364 1
2.6 0.983935 0.0129929 0.00307232 1
2.7 0.983679 0.0131187 0.00320225 1
2.8 0.983421 0.0132456 0.00333344 1
2.9 0.98316 0.0133736 0.00346589 1
3 0.982897 0.0135029 0.00359963 1
3.1 0.982632 0.0136333 0.00373466 1
3.2 0.982364 0.0137649 0.00387099 1
3.3 0.982094 0.0138977 0.00400864 1
3.4 0.981821 0.0140317 0.00414762 1
3.5 0.981545 0.0141669 0.00428793 1
3.6 0.981267 0.0143033 0.0044296 1
3.7 0.980986 0.014441 0.00457264 1
3.8 0.980703 0.0145799 0.00471705 1
3.9 0.980417 0.0147201 0.00486284 1
4 0.980128 0.0148615 0.00501005 1
4.1 0.979837 0.0150042 0.00515866 1
4.2 0.979543 0.0151482 0.0053087 1
4.3 0.979246 0.0152935 0.00546019 1
4.4 0.978947 0.0154401 0.00561312 1
4.5 0.978644 0.015588 0.00576752 1
4.6 0.978339 0.0157372 0.0059234 1
4.7 0.978031 0.0158878 0.00608077 1
4.8 0.977721 0.0160397 0.00623965 1
4.9 0.977407 0.0161929 0.00640005 1
5 0.97709 0.0163475 0.00656198 1
5.1 0.976771 0.0165035 0.00672545 1
5.2 0.976449 0.0166609 0.00689049 1
5.3 0.976123 0.0168196 0.0070571 1
5.4 0.975795 0.0169798 0.00722529 1
5.5 0.975463 0.0171414 0.00739509 1
5.6 0.975129 0.0173044 0.00756651 1
5.7 0.974791 0.0174688 0.00773955 1
5.8 0.974451 0.0176347 0.00791424 1
5.9 0.974107 0.017802 0.00809059 1
6 0.97376 0.0179708 0.00826861 1
6.1 0.97341 0.0181411 0.00844831 1
6.2 0.973057 0.0183129 0.00862973 1
6.3 0.972701 0.0184862 0.00881285 1
6.4 0.972341 0.0186609 0.00899772 1
6.5 0.971978 0.0188372 0.00918433 1
6.6 0.971612 0.019015 0.0093727 1
6.7 0.971243 0.0191944 0.00956285 1
6.8 0.97087 0.0193753 0.00975479 1
6.9 0.970494 0.0195577 0.00994854 1
7 0.970114 0.0197418 0.0101441 1
7.1 0.969731 0.0199274 0.0103415 1
7.2 0.969344 0.0201146 0.0105408 1
7.3 0.968955 0.0203034 0.010742 1
7.4 0.968561 0.0204939 0.010945 1
7.5 0.968164 0.0206859 0.0111499 1
7.6 0.967764 0.0208796 0.0113568 1
7.7 0.967359 0.0210749 0.0115656 1
7.79999 0.966952 0.0212719 0.0117763 1
7.89999 0.96654 0.0214706 0.0119891 1
7.99999 0.966125 0.0216709 0.0122038 1
8.09999 0.965707 0.0218729 0.0124205 1
8.2 0.965284 0.0220767 0.0126392 1
8.3 0.964858 0.0222821 0.01286 1
8.4 0.964428 0.0224893 0.0130828 1
8.5 0.963994 0.0226982 0.0133077 1
8.6 0.963556 0.0229088 0.0135347 1
8.7 0.963115 0.0231212 0.0137637 1
8.8 0.96267 0.0233353 0.013995 1
8.9 0.96222 0.0235513 0.0142283 1
9 0.961767 0.023769 0.0144638 1
9.1 0.96131 0.0239885 0.0147015 1
9.2 0.960849 0.0242098 0.0149414 1
9.3 0.960383 0.024433 0.0151835 1
9.4 0.959914 0.0246579 0.0154278 1
9.5 0.959441 0.0248847 0.0156744 1
9.6 0.958963 0.0251134 0.0159233 1
9.7 0.958481 0.0253439 0.0161744 1
9.8 0.957996 0.0255763 0.0164278 1
9.9 0.957506 0.0258106 0.0166836 1
10 0.957011 0.0260468 0.0169417 1
10.1 0.956513 0.0262848 0.0172022 1
10.2 0.95601 0.0265248 0.017465 1
10.3 0.955503 0.0267667 0.0177303 1
10.4 0.954991 0.0270106 0.0179979 1
10.5 0.954475 0.0272564 0.018268 1
10.6 0.953955 0.0275041 0.0185406 1
10.7 0.95343 0.0277538 0.0188156 1
10.8 0.952901 0.0280055 0.0190932 1
10.9 0.952367 0.0282592 0.0193732 1
11 0.951829 0.0285149 0.0196558 1
11.1 0.951286 0.0287726 0.019941 1
11.2 0.950739 0.0290322 0.0202287 1
11.3 0.950187 0.029294 0.020519 1
11.4 0.94963 0.0295577 0.020812 1
11.5 0.949069 0.0298235 0.0211075 1
11.6 0.948503 0.0300914 0.0214058 1
11.7 0.947932 0.0303613 0.0217067 1
11.8 0.947356 0.0306333 0.0220103 1
11.9 0.946776 0.0309074 0.0223166 1
12 0.94619 0.0311835 0.0226257 1
12.1 0.9456 0.0314618 0.0229376 1
12.2 0.945005 0.0317422 0.0232522 1
12.3 0.944405 0.0320247 0.0235696 1
12.4 0.943801 0.0323094 0.0238898 1
12.5 0.943191 0.0325961 0.0242129 1
12.6 0.942576 0.0328851 0.0245389 1
12.7 0.941956 0.0331761 0.0248677 1
12.8 0.941331 0.0334694 0.0251995 1
12.9 0.940701 0.0337648 0.0255342 1
13 0.940065 0.0340624 0.0258718 1
13.1 0.939425 0.0343622 0.0262125 1
13.2 0.938779 0.0346642 0.0265561 1
13.3 0.938129 0.0349684 0.0269027 1
13.4 0.937473 0.0352748 0.0272524 1
13.5 0.936811 0.0355834 0.0276052 1
13.6 0.936144 0.0358943 0.027961 1
13.7 0.935472 0.0362074 0.0283199 1
13.8 0.934795 0.0365228 0.028682 1
13.9 0.934112 0.0368404 0.0290472 1
14 0.933424 0.0371602 0.0294156 1
14.1 0.93273 0.0374823 0.0297872 1
14.2 0.932031 0.0378067 0.0301621 1
14.3 0.931326 0.0381334 0.0305401 1
14.4 0.930616 0.0384624 0.0309215 1
14.5 0.9299 0.0387936 0.0313061 1
14.6 0.929179 0.0391272 0.031694 1
14.7 0.928451 0.039463 0.0320853 1
14.8 0.927719 0.0398012 0.0324799 1
14.9 0.92698 0.0401416 0.0328779 1
15 0.926236 0.0404844 0.0332794 1
15.1 0.925486 0.0408296 0.0336842 1
15.2 0.92473 0.041177 0.0340925 1
15.3 0.923969 0.0415268 0.0345043 1
15.4 0.923201 0.0418789 0.0349195 1
15.5 0.922428 0.0422334 0.0353383 1
15.6 0.921649 0.0425902 0.0357607 1
15.7 0.920864 0.0429493 0.0361866 1
15.8 0.920073 0.0433109 0.0366161 1
15.9 0.919276 0.0436747 0.0370492 1
16 0.918473 0.044041 0.0374859 1
16.1 0.917664 0.0444096 0.0379263 1
16.2 0.916849 0.0447805 0.0383704 1
16.3 0.916028 0.0451539 0.0388182 1
16.4 0.9152 0.0455296 0.0392698 1
16.5 0.914367 0.0459077 0.0397251 1
16.6 0.913528 0.0462881 0.0401841 1
16.7 0.912682 0.0466709 0.040647 1
16.8 0.91183 0.0470561 0.0411137 1
16.9 0.910972 0.0474437 0.0415843 1
17 0.910107 0.0478337 0.0420587 1
17.1 0.909237 0.048226 0.0425371 1
17.2 0.90836 0.0486207 0.0430193 1
17.3 0.907476 0.0490178 0.0435055 1
17.4 0.906587 0.0494173 0.0439957 1
17.5 0.905691 0.0498192 0.0444899 1
17.6 0.904788 0.0502234 0.0449881 1
17.7 0.903879 0.05063 0.0454903 1
17.8 0.902964 0.051039 0.0459966 1
17.9 0.902042 0.0514503 0.046507 1
18 0.901114 0.051864 0.0470215 1
18.1 0.90018 0.0522801 0.0475401 1
18.2 0.899238 0.0526985 0.0480629 1
18.3 0.898291 0.0531193 0.0485899 1
18.4 0.897336 0.0535424 0.0491211 1
18.5 0.896375 0.0539679 0.0496565 1
18.6 0.895408 0.0543957 0.0501962 1
18.7 0.894434 0.0548259 0.0507402 1
18.8 0.893453 0.0552584 0.0512884 1
18.9 0.892466 0.0556932 0.051841 1
19 0.891471 0.0561304 0.0523979 1
19.1 0.890471 0.0565699 0.0529593 1
19.2 0.889463 0.0570116 0.053525 1
19.3 0.888449 0.0574557 0.0540951 1
19.4 0.887428 0.0579021 0.0546696 1
19.5 0.8864 0.0583507 0.0552486 1
19.6 0.885366 0.0588017 0.0558322 1
19.7 0.884325 0.0592549 0.0564202 1
19.8 0.883277 0.0597103 0.0570127 1
19.9 0.882222 0.0601681 0.0576098 1
20 0.88116 0.060628 0.0582115 1
20.1 0.880092 0.0610902 0.0588178 1
20.2 0.879016 0.0615546 0.0594287 1
20.3 0.877934 0.0620212 0.0600442 1
20.4 0.876845 0.06249 0.0606644 1
20.5 0.875749 0.062961 0.0612893 1
20.6 0.874647 0.0634341 0.061919 1
20.7 0.873537 0.0639094 0.0625533 1
20.8 0.87242 0.0643869 0.0631924 1
20.9 0.871297 0.0648665 0.0638363 1
21 0.870167 0.0653482 0.0644849 1
21.1 0.869029 0.065832 0.0651384 1
21.2 0.867885 0.0663178 0.0657967 1
21.3 0.866734 0.0668058 0.0664599 1
21.4 0.865576 0.0672958 0.067128 1
21.5 0.864411 0.0677878 0.0678009 1
21.6 0.863239 0.0682819 0.0684788 1
21.7 0.86206 0.0687779 0.0691616 1
21.8 0.860874 0.069276 0.0698494 1
21.9 0.859682 0.069776 0.0705421 1
22 0.858482 0.0702779 0.0712399 1
22.1 0.857275 0.0707818 0.0719427 1
22.2 0.856062 0.0712876 0.0726505 1
22.3 0.854841 0.0717952 0.0733634 1
22.4 0.853614 0.0723047 0.0740813 1
22.5 0.852379 0.0728161 0.0748044 1
22.6 0.851138 0.0733293 0.0755325 1
22.7001 0.84989 0.0738442 0.0762658 1
22.8001 0.848634 0.074361 0.0770043 1
22.9001 0.847372 0.0748795 0.0777479 1
23.0001 0.846103 0.0753997 0.0784967 1
23.1001 0.844827 0.0759216 0.0792507 1
23.2001 0.843545 0.0764452 0.0800099 1
23.3001 0.842255 0.0769705 0.0807744 1
23.4001 0.840958 0.0774973 0.0815441 1
23.5001 0.839655 0.0780258 0.082319 1
23.6001 0.838345 0.0785558 0.0830993 1
23.7001 0.837027 0.0790874 0.0838849 1
23.8001 0.835703 0.0796205 0.0846757 1
23.9001 0.834373 0.0801551 0.0854719 1
24.0001 0.833035 0.0806911 0.0862735 1
24.1001 0.831691 0.0812286 0.0870804 1
24.2001 0.83034 0.0817674 0.0878927 1
24.3001 0.828982 0.0823076 0.0887103 1
24.4001 0.827617 0.0828492 0.0895334 1
24.5001 0.826246 0.0833921 0.0903619 1
24.6001 0.824868 0.0839362 0.0911958 1
24.7001 0.823483 0.0844815 0.0920352 1
24.8001 0.822092 0.0850281 0.09288 1
24.9001 0.820693 0.0855758 0.0937303 1
25.0001 0.819289 0.0861247 0.094586 1
25.1001 0.817878 0.0866747 0.0954473 1
25.2001 0.81646 0.0872257 0.096314 1
25.3001 0.815036 0.0877778 0.0971863 1
25.4001 0.813605 0.0883309 0.0980641 1
25.5001 0.812167 0.0888849 0.0989474 1
25.6001 0.810724 0.0894398 0.0998362 1
25.7001 0.809273 0.0899956 0.100731 1
25.8001 0.807817 0.0905523 0.101631 1
25.9001 0.806354 0.0911098 0.102536 1
26.0001 0.804884 0.091668 0.103447 1
26.1001 0.803409 0.092227 0.104364 1
26.2001 0.801927 0.0927866 0.105286 1
26.3001 0.800439 0.0933469 0.106214 1
26.4001 0.798944 0.0939078 0.107147 1
26.5001 0.797444 0.0944693 0.108087 1
26.6001 0.795937 0.0950313 0.109031 1
26.7001 0.794424 0.0955937 0.109982 1
26.8001 0.792906 0.0961566 0.110938 1
26.9001 0.791381 0.0967199 0.111899 1
27.0001 0.78985 0.0972836 0.112866 1
27.1001 0.788313 0.0978475 0.113839 1
27.2001 0.78677 0.0984117 0.114818 1
27.3001 0.785222 0.0989762 0.115802 1
27.4001 0.783668 0.0995408 0.116791 1
27.5001 0.782107 0.100106 0.117787 1
27.6001 0.780541 0.10067 0.118788 1
27.7001 0.77897 0.101235 0.119795 1
27.8001 0.777393 0.1018 0.120807 1
27.9001 0.77581 0.102365 0.121825 1
28.0001 0.774222 0.102929 0.122849 1
28.1001 0.772628 0.103494 0.123878 1
28.2001 0.771029 0.104058 0.124913 1
28.3001 0.769424 0.104622 0.125953 1
28.4001 0.767814 0.105186 0.127 1
28.5001 0.766199 0.105749 0.128052 1
28.6001 0.764578 0.106312 0.129109 1
28.7001 0.762953 0.106875 0.130172 1
28.8001 0.761322 0.107437 0.131241 1
28.9001 0.759686 0.107999 0.132315 1
29.0001 0.758045 0.10856 0.133395 1
29.1001 0.756399 0.10912 0.134481 1
29.2001 0.754748 0.109679 0.135572 1
29.3001 0.753093 0.110238 0.136669 1
29.4001 0.751432 0.110796 0.137771 1
29.5001 0.749767 0.111353 0.138879 1
29.6001 0.748097 0.11191 0.139993 1
29.7001 0.746423 0.112465 0.141112 1
29.8001 0.744744 0.113019 0.142236 1
29.9001 0.743061 0.113572 0.143367 1
30.0001 0.741373 0.114124 0.144502 1
30.1001 0.739681 0.114675 0.145644 1
30.2001 0.737984 0.115225 0.14679 1
30.3001 0.736283 0.115774 0.147943 1
30.4001 0.734579 0.116321 0.1491 1
30.5001 0.73287 0.116866 0.150264 1
30.6001 0.731157 0.117411 0.151432 1
30.7001 0.72944 0.117953 0.152606 1
30.8001 0.727719 0.118495 0.153786 1
30.9001 0.725994 0.119034 0.154971 1
31.0001 0.724266 0.119572 0.156161 1
31.1001 0.722534 0.120109 0.157357 1
31.2001 0.720798 0.120643 0.158558 1
31.3001 0.719059 0.121176 0.159764 1
31.4001 0.717317 0.121707 0.160976 1
31.5001 0.71557 0.122236 0.162193 1
31.6001 0.713821 0.122763 0.163416 1
31.7001 0.712068 0.123288 0.164643 1
31.8001 0.710313 0.123811 0.165876 1
31.9001 0.708554 0.124332 0.167114 1
32.0001 0.706792 0.12485 0.168358 1
32.1001 0.705027 0.125367 0.169606 1
32.2001 0.703259 0.125881 0.17086 1
32.3001 0.701489 0.126392 0.172119 1
32.4001 0.699715 0.126902 0.173382 1
32.5001 0.69794 0.127409 0.174651 1
32.6001 0.696161 0.127913 0.175926 1
32.7001 0.69438 0.128415 0.177205 1
32.8001 0.692597 0.128914 0.178489 1
32.9001 0.690811 0.129411 0.179778 1
33.0001 0.689023 0.129904 0.181072 1
33.1001 0.687233 0.130396 0.182371 1
33.2001 0.685441 0.130884 0.183675 1
33.3001 0.683646 0.131369 0.184984 1
33.4001 0.68185 0.131852 0.186298 1
33.5001 0.680052 0.132331 0.187616 1
33.6001 0.678252 0.132808 0.188939 1
33.7001 0.676451 0.133281 0.190268 1
33.8001 0.674648 0.133752 0.1916 1
33.9001 0.672843 0.134219 0.192938 1
34.0001 0.671037 0.134683 0.19428 1
34.1001 0.669229 0.135144 0.195627 1
34.2001 0.66742 0.135601 0.196978 1
34.3 0.66561 0.136055 0.198334 1
34.4 0.663799 0.136506 0.199695 1
34.5 0.661987 0.136953 0.20106 1
34.6 0.660174 0.137397 0.202429 1
34.7 0.65836 0.137837 0.203803 1
34.8 0.656545 0.138273 0.205182 1
34.9 0.654729 0.138706 0.206564 1
35 0.652913 0.139135 0.207952 1
35.1 0.651096 0.139561 0.209343 1
35.2 0.649278 0.139983 0.210739 1
35.3 0.647461 0.140401 0.212138 1
35.4 0.645643 0.140815 0.213542 1
35.5 0.643824 0.141225 0.21495 1
35.6 0.642006 0.141631 0.216363 1
35.7 0.640187 0.142033 0.217779 1
35.8 0.638369 0.142432 0.219199 1
35.9 0.63655 0.142826 0.220624 1
36 0.634732 0.143216 0.222052 1
36.1 0.632914 0.143602 0.223484 1
36.2 0.631096 0.143983 0.22492 1
36.3 0.629279 0.144361 0.22636 1
36.4 0.627462 0.144734 0.227804 1
36.5 0.625646 0.145103 0.229251 1
36.6 0.62383 0.145468 0.230702 1
36.7 0.622015 0.145828 0.232157 1
36.8 0.620201 0.146184 0.233615 1
36.9 0.618388 0.146535 0.235077 1
37 0.616575 0.146882 0.236542 1
37.1 0.614764 0.147225 0.238011 1
37.2 0.612954 0.147563 0.239483 1
37.3 0.611145 0.147896 0.240959 1
37.4 0.609337 0.148225 0.242438 1
37.5 0.607531 0.148549 0.24392 1
37.6 0.605726 0.148868 0.245405 1
37.7 0.603922 0.149183 0.246894 1
37.8 0.60212 0.149493 0.248386 1
37.9 0.60032 0.149799 0.249881 1
38 0.598522 0.150099 0.251379 1
38.1 0.596725 0.150395 0.25288 1
38.2 0.59493 0.150686 0.254384 1
38.3 0.593137 0.150972 0.255891 1
38.4 0.591346 0.151253 0.2574 1
38.5 0.589557 0.151529 0.258913 1
38.6 0.587771 0.151801 0.260428 1
38.7 0.585986 0.152067 0.261946 1
38.8 0.584204 0.152329 0.263467 1
38.9 0.582424 0.152585 0.26499 1
39 0.580647 0.152837 0.266516 1
39.1 0.578872 0.153083 0.268044 1
39.2 0.577099 0.153325 0.269575 1
39.3 0.57533 0.153561 0.271109 1
39.4 0.573563 0.153793 0.272644 1
39.5 0.571799 0.154019 0.274182 1
39.6 0.570037 0.15424 0.275722 1
39.7 0.568279 0.154456 0.277265 1
39.8 0.566523 0.154667 0.278809 1
39.9 0.564771 0.154873 0.280356 1
40 0.563022 0.155074 0.281905 1
40.1 0.561275 0.155269 0.283455 1
40.2 0.559532 0.155459 0.285008 1
40.3 0.557793 0.155644 0.286563 1
40.4 0.556056 0.155824 0.288119 1
40.5 0.554323 0.155999 0.289677 1
40.6 0.552594 0.156168 0.291237 1
40.7 0.550868 0.156333 0.292799 1
40.7999 0.549146 0.156492 0.294362 1
40.8999 0.547427 0.156646 0.295927 1
40.9999 0.545712 0.156794 0.297494 1
41.0999 0.544 0.156938 0.299062 1
41.1999 0.542293 0.157076 0.300631 1
41.2999 0.540589 0.157208 0.302202 1
41.3999 0.53889 0.157336 0.303774 1
41.4999 0.537194 0.157458 0.305347 1
41.5999 0.535502 0.157576 0.306922 1
41.6999 0.533815 0.157687 0.308498 1
41.7999 0.532131 0.157794 0.310074 1
41.8999 0.530452 0.157896 0.311652 1
41.9999 0.528777 0.157992 0.313231 1
42.0999 0.527106 0.158083 0.314811 1
42.1999 0.525439 0.158168 0.316392 1
42.2999 0.523777 0.158249 0.317974 1
42.3999 0.522119 0.158324 0.319556 1
42.4999 0.520466 0.158394 0.321139 1
42.5999 0.518817 0.158459 0.322723 1
42.6999 0.517173 0.158519 0.324308 1
42.7999 0.515533 0.158573 0.325893 1
42.8999 0.513898 0.158622 0.327479 1
42.9999 0.512268 0.158666 0.329065 1
43.0999 0.510642 0.158705 0.330652 1
43.1999 0.509022 0.158739 0.332239 1
43.2999 0.507406 0.158768 0.333826 1
43.3999 0.505794 0.158791 0.335414 1
43.4999 0.504188 0.15881 0.337002 1
43.5999 0.502587 0.158823 0.33859 1
43.6999 0.50099 0.158831 0.340178 1
43.7999 0.499399 0.158834 0.341767 1
43.8999 0.497812 0.158832 0.343355 1
43.9999 0.496231 0.158825 0.344943 1
44.0999 0.494655 0.158813 0.346531 1
44.1999 0.493084 0.158796 0.34812 1
44.2999 0.491518 0.158775 0.349708 1
44.3999 0.489957 0.158748 0.351295 1
44.4999 0.488401 0.158716 0.352883 1
44.5999 0.486851 0.158679 0.35447 1
44.6999 0.485306 0.158637 0.356057 1
44.7999 0.483766 0.158591 0.357643 1
44.8999 0.482232 0.158539 0.359229 1
44.9999 0.480703 0.158483 0.360814 1
45.0999 0.479179 0.158422 0.362399 1
45.1999 0.477661 0.158356 0.363983 1
45.2999 0.476148 0.158285 0.365567 1
45.3999 0.474641 0.158209 0.36715 1
45.4999 0.473139 0.158129 0.368732 1
45.5999 0.471642 0.158044 0.370313 1
45.6999 0.470152 0.157954 0.371894 1
45.7999 0.468666 0.15786 0.373473 1
45.8999 0.467187 0.157761 0.375052 1
45.9999 0.465713 0.157658 0.376629 1
46.0999 0.464244 0.15755 0.378206 1
46.1999 0.462781 0.157437 0.379781 1
46.2999 0.461324 0.15732 0.381356 1
46.3999 0.459873 0.157198 0.382929 1
46.4999 0.458427 0.157072 0.384501 1
46.5999 0.456987 0.156941 0.386072 1
46.6999 0.455552 0.156806 0.387641 1
46.7999 0.454124 0.156667 0.389209 1
46.8999 0.452701 0.156523 0.390776 1
46.9999 0.451283 0.156375 0.392341 1
47.0999 0.449872 0.156223 0.393905 1
47.1999 0.448466 0.156066 0.395467 1
47.2999 0.447067 0.155905 0.397028 1
47.3998 0.445673 0.15574 0.398587 1
47.4998 0.444284 0.155571 0.400144 1
47.5998 0.442902 0.155398 0.4017 1
47.6998 0.441526 0.15522 0.403254 1
47.7998 0.440155 0.155039 0.404806 1
47.8998 0.43879 0.154853 0.406356 1
47.9998 0.437431 0.154663 0.407905 1
48.0998 0.436078 0.15447 0.409452 1
48.1998 0.434731 0.154272 0.410996 1
48.2998 0.43339 0.154071 0.412539 1
48.3998 0.432054 0.153866 0.41408 1
48.4998 0.430725 0.153657 0.415618 1
48.5998 0.429401 0.153444 0.417155 1
48.6998 0.428083 0.153227 0.418689 1
48.7998 0.426771 0.153007 0.420222 1
48.8998 0.425465 0.152783 0.421752 1
48.9998 0.424165 0.152555 0.42328 1
49.0998 0.422871 0.152324 0.424805 1
49.1998 0.421583 0.152089 0.426328 1
49.2998 0.4203 0.15185 0.427849 1
49.3998 0.419024 0.151608 0.429368 1
49.4998 0.417753 0.151362 0.430884 1
49.5998 0.416489 0.151114 0.432397 1
49.6998 0.41523 0.150861 0.433909 1
49.7998 0.413977 0.150605 0.435417 1
49.8998 0.41273 0.150346 0.436923 1
49.9998 0.411489 0.150084 0.438427 1
50.0998 0.410254 0.149818 0.439928 1
50.1998 0.409025 0.149549 0.441426 1
50.2998 0.407801 0.149277 0.442921 1
50.3998 0.406584 0.149002 0.444414 1
50.4998 0.405372 0.148723 0.445904 1
50.5998 0.404166 0.148442 0.447391 1
50.6998 0.402967 0.148157 0.448876 1
50.7998 0.401772 0.14787 0.450357 1
50.8998 0.400584 0.147579 0.451836 1
50.9998 0.399402 0.147286 0.453312 1
51.0998 0.398225 0.14699 0.454785 1
51.1998 0.397055 0.146691 0.456255 1
51.2998 0.39589 0.146388 0.457721 1
51.3998 0.394731 0.146084 0.459185 1
51.4998 0.393577 0.145776 0.460646 1
51.5998 0.39243 0.145466 0.462104 1
51.6998 0.391288 0.145153 0.463559 1
51.7998 0.390152 0.144837 0.46501 1
51.8998 0.389022 0.144519 0.466458 1
51.9998 0.387898 0.144198 0.467904 1
52.0998 0.386779 0.143875 0.469346 1
52.1998 0.385666 0.143549 0.470784 1
52.2998 0.384559 0.143221 0.47222 1
52.3998 0.383457 0.14289 0.473652 1
52.4998 0.382362 0.142557 0.475081 1
52.5998 0.381271 0.142222 0.476507 1
52.6998 0.380187 0.141884 0.477929 1
52.7998 0.379108 0.141544 0.479348 1
52.8998 0.378035 0.141202 0.480763 1
52.9998 0.376967 0.140857 0.482175 1
53.0998 0.375905 0.140511 0.483584 1
53.1998 0.374849 0.140162 0.484989 1
53.2998 0.373798 0.139811 0.48639 1
53.3998 0.372753 0.139458 0.487789 1
53.4998 0.371713 0.139104 0.489183 1
53.5998 0.370679 0.138747 0.490574 1
53.6998 0.36965 0.138388 0.491962 1
53.7998 0.368627 0.138027 0.493345 1
53.8997 0.36761 0.137664 0.494726 1
53.9997 0.366598 0.1373 0.496102 1
54.0997 0.365591 0.136933 0.497475 1
54.1997 0.36459 0.136565 0.498845 1
54.2997 0.363594 0.136196 0.50021 1
54.3997 0.362603 0.135824 0.501572 1
54.4997 0.361618 0.135451 0.502931 1
54.5997 0.360639 0.135076 0.504285 1
54.6997 0.359665 0.134699 0.505636 1
54.7997 0.358696 0.134321 0.506983 1
54.8997 0.357732 0.133942 0.508326 1
54.9997 0.356774 0.133561 0.509665 1
55.0997 0.355821 0.133178 0.511001 1
55.1997 0.354873 0.132794 0.512333 1
55.2997 0.35393 0.132409 0.513661 1
55.3997 0.352993 0.132022 0.514985 1
55.4997 0.352061 0.131634 0.516305 1
55.5997 0.351134 0.131244 0.517621 1
55.6997 0.350213 0.130853 0.518934 1
55.7997 0.349296 0.130461 0.520242 1
55.8997 0.348385 0.130068 0.521547 1
55.9997 0.347478 0.129674 0.522848 1
56.0997 0.346577 0.129278 0.524144 1
56.1997 0.345681 0.128881 0.525437 1
56.2997 0.34479 0.128484 0.526726 1
56.3997 0.343904 0.128085 0.528011 1
56.4997 0.343023 0.127685 0.529292 1
56.5997 0.342147 0.127284 0.530569 1
56.6997 0.341276 0.126882 0.531841 1
56.7997 0.34041 0.126479 0.53311 1
56.8997 0.339549 0.126076 0.534375 1
56.9997 0.338693 0.125671 0.535636 1
57.0997 0.337841 0.125266 0.536893 1
57.1997 0.336995 0.12486 0.538145 1
57.2997 0.336154 0.124452 0.539394 1
57.3997 0.335317 0.124045 0.540638 1
57.4997 0.334485 0.123636 0.541879 1
57.5997 0.333658 0.123227 0.543115 1
57.6997 0.332836 0.122817 0.544347 1
57.7997 0.332018 0.122406 0.545576 1
57.8997 0.331205 0.121995 0.5468 1
57.9997 0.330397 0.121583 0.54802 1
58.0997 0.329594 0.121171 0.549235 1
58.1997 0.328795 0.120758 0.550447 1
58.2997 0.328001 0.120344 0.551655 1
58.3997 0.327211 0.11993 0.552858 1
58.4997 0.326427 0.119516 0.554057 1
58.5997 0.325646 0.119101 0.555252 1
58.6997 0.324871 0.118686 0.556444 1
58.7997 0.324099 0.11827 0.55763 1
58.8997 0.323333 0.117854 0.558813 1
58.9997 0.322571 0.117437 0.559992 1
59.0997 0.321813 0.117021 0.561166 1
59.1997 0.32106 0.116604 0.562336 1
59.2997 0.320311 0.116186 0.563502 1
59.3997 0.319567 0.115769 0.564664 1
59.4997 0.318827 0.115351 0.565822 1
59.5997 0.318091 0.114933 0.566975 1
59.6997 0.31736 0.114515 0.568125 1
59.7997 0.316633 0.114097 0.56927 1
59.8997 0.315911 0.113678 0.570411 1
59.9997 0.315193 0.11326 0.571548 1
60.0997 0.314479 0.112841 0.57268 1
60.1997 0.313769 0.112422 0.573809 1
60.2997 0.313063 0.112004 0.574933 1
60.3997 0.312362 0.111585 0.576053 1
60.4996 0.311665 0.111166 0.577169 1
60.5996 0.310972 0.110747 0.57828 1
60.6996 0.310283 0.110329 0.579388 1
60.7996 0.309599 0.10991 0.580491 1
60.8996 0.308918 0.109492 0.58159 1
60.9996 0.308242 0.109073 0.582685 1
61.0996 0.307569 0.108655 0.583776 1
61.1996 0.306901 0.108237 0.584862 1
61.2996 0.306236 0.107819 0.585945 1
61.3996 0.305576 0.107401 0.587023 1
61.4996 0.30492 0.106983 0.588097 1
61.5996 0.304267 0.106566 0.589167 1
61.6996 0.303619 0.106149 0.590232 1
61.7996 0.302974 0.105732 0.591294 1
61.8996 0.302334 0.105315 0.592351 1
61.9996 0.301697 0.104899 0.593404 1
62.0996 0.301064 0.104483 0.594453 1
62.1996 0.300435 0.104067 0.595498 1
62.2996 0.299809 0.103652 0.596539 1
62.3996 0.299188 0.103237 0.597575 1
62.4996 0.29857 0.102822 0.598608 1
62.5996 0.297956 0.102408 0.599636 1
62.6996 0.297346 0.101994 0.60066 1
62.7996 0.296739 0.101581 0.60168 1
62.8996 0.296136 0.101168 0.602696 1
62.9996 0.295537 0.100755 0.603708 1
63.0996 0.294942 0.100343 0.604715 1
63.1996 0.29435 0.0999315 0.605719 1
63.2996 0.293761 0.0995205 0.606718 1
63.3996 0.293177 0.09911 0.607713 1
63.4996 0.292596 0.0987001 0.608704 1
63.5996 0.292018 0.0982906 0.609691 1
63.6996 0.291444 0.0978818 0.610674 1
63.7996 0.290873 0.0974735 0.611653 1
63.8996 0.290306 0.0970658 0.612628 1
63.9996 0.289743 0.0966587 0.613598 1
64.0996 0.289183 0.0962523 0.614565 1
64.1996 0.288626 0.0958464 0.615527 1
64.2996 0.288073 0.0954413 0.616486 1
64.3996 0.287523 0.0950367 0.61744 1
64.4996 0.286976 0.0946329 0.618391 1
64.5996 0.286433 0.0942297 0.619337 1
64.6996 0.285893 0.0938272 0.620279 1
64.7996 0.285357 0.0934254 0.621218 1
64.8996 0.284824 0.0930243 0.622152 1
64.9996 0.284294 0.092624 0.623082 1
65.0996 0.283767 0.0922244 0.624008 1
65.1996 0.283244 0.0918256 0.624931 1
65.2996 0.282724 0.0914275 0.625849 1
65.3996 0.282207 0.0910302 0.626763 1
65.4996 0.281693 0.0906337 0.627673 1
65.5996 0.281182 0.090238 0.62858 1
65.6996 0.280675 0.0898431 0.629482 1
65.7996 0.28017 0.089449 0.630381 1
65.8996 0.279669 0.0890557 0.631275 1
65.9996 0.279171 0.0886633 0.632166 1
66.0996 0.278676 0.0882717 0.633052 1
66.1996 0.278184 0.0878809 0.633935 1
66.2996 0.277695 0.0874911 0.634814 1
66.3996 0.277209 0.0871021 0.635689 1
66.4996 0.276726 0.086714 0.63656 1
66.5996 0.276246 0.0863267 0.637427 1
66.6996 0.275769 0.0859404 0.63829 1
66.7996 0.275295 0.085555 0.639149 1
66.8996 0.274824 0.0851705 0.640005 1
66.9995 0.274356 0.084787 0.640857 1
67.0995 0.273891 0.0844043 0.641705 1
67.1995 0.273429 0.0840226 0.642549 1
67.2995 0.272969 0.0836419 0.643389 1
67.3995 0.272512 0.0832621 0.644225 1
67.4995 0.272059 0.0828833 0.645058 1
67.5995 0.271608 0.0825054 0.645887 1
67.6995 0.27116 0.0821286 0.646712 1
67.7995 0.270714 0.0817527 0.647533 1
67.8995 0.270272 0.0813778 0.648351 1
67.9995 0.269832 0.0810039 0.649164 1
68.0995 0.269394 0.080631 0.649974 1
68.1995 0.26896 0.0802591 0.650781 1
68.2995 0.268528 0.0798882 0.651583 1
68.3995 0.268099 0.0795184 0.652382 1
68.4995 0.267673 0.0791496 0.653177 1
68.5995 0.267249 0.0787818 0.653969 1
68.6995 0.266828 0.0784151 0.654757 1
68.7995 0.26641 0.0780494 0.655541 1
68.8995 0.265994 0.0776848 0.656321 1
68.9995 0.265581 0.0773212 0.657098 1
69.0995 0.26517 0.0769587 0.657871 1
69.1995 0.264762 0.0765972 0.658641 1
69.2995 0.264356 0.0762369 0.659407 1
69.3995 0.263953 0.0758776 0.660169 1
69.4995 0.263552 0.0755194 0.660928 1
69.5995 0.263154 0.0751622 0.661683 1
69.6995 0.262759 0.0748062 0.662435 1
69.7995 0.262366 0.0744513 0.663183 1
69.8995 0.261975 0.0740974 0.663927 1
69.9995 0.261587 0.0737447 0.664668 1
70.0995 0.261201 0.073393 0.665406 1
70.1995 0.260817 0.0730425 0.66614 1
70.2995 0.260436 0.0726931 0.66687 1
70.3995 0.260058 0.0723448 0.667597 1
70.4995 0.259682 0.0719976 0.668321 1
70.5995 0.259308 0.0716516 0.669041 1
70.6995 0.258936 0.0713067 0.669757 1
70.7995 0.258567 0.0709629 0.67047 1
70.8995 0.2582 0.0706202 0.67118 1
70.9995 0.257835 0.0702787 0.671886 1
71.0995 0.257473 0.0699383 0.672589 1
71.1995 0.257113 0.0695991 0.673288 1
71.2995 0.256755 0.069261 0.673984 1
71.3995 0.256399 0.068924 0.674677 1
71.4995 0.256046 0.0685882 0.675366 1
71.5995 0.255694 0.0682536 0.676052 1
71.6995 0.255345 0.0679201 0.676734 1
71.7995 0.254998 0.0675877 0.677414 1
71.8995 0.254654 0.0672566 0.678089 1
71.9995 0.254311 0.0669265 0.678762 1
72.0995 0.253971 0.0665977 0.679431 1
72.1995 0.253632 0.06627 0.680097 1
72.2995 0.253296 0.0659434 0.68076 1
72.3995 0.252962 0.0656181 0.681419 1
72.4995 0.25263 0.0652939 0.682076 1
72.5995 0.2523 0.0649708 0.682728 1
72.6995 0.251972 0.064649 0.683378 1
72.7995 0.251647 0.0643283 0.684025 1
72.8995 0.251323 0.0640088 0.684668 1
72.9995 0.251001 0.0636904 0.685308 1
73.0995 0.250681 0.0633732 0.685945 0.999999
73.1995 0.250364 0.0630572 0.686579 0.999999
73.2995 0.250048 0.0627424 0.687209 0.999999
73.3995 0.249734 0.0624287 0.687836 0.999999
73.4995 0.249422 0.0621163 0.688461 0.999999
73.5994 0.249113 0.061805 0.689082 0.999999
73.6994 0.248805 0.0614948 0.6897 0.999999
73.7994 0.248499 0.0611859 0.690315 0.999999
73.8994 0.248195 0.0608781 0.690927 0.999999
73.9994 0.247892 0.0605715 0.691536 0.999999
74.0994 0.247592 0.0602661 0.692141 0.999999
74.1994 0.247294 0.0599619 0.692744 0.999999
74.2994 0.246997 0.0596588 0.693344 0.999999
74.3994 0.246702 0.059357 0.69394 0.999999
74.4994 0.246409 0.0590563 0.694534 0.999999
74.5994 0.246118 0.0587567 0.695124 0.999999
74.6994 0.245829 0.0584584 0.695712 0.999999
74.7994 0.245542 0.0581612 0.696296 0.999999
74.8994 0.245256 0.0578652 0.696878 0.999999
74.9994 0.244972 0.0575704 0.697457 0.999999
75.0994 0.24469 0.0572768 0.698032 0.999999
75.1994 0.24441 0.0569843 0.698605 0.999999
75.2994 0.244131 0.056693 0.699175 0.999999
75.3994 0.243855 0.0564029 0.699742 0.999999
75.4994 0.24358 0.056114 0.700306 0.999999
75.5994 0.243306 0.0558262 0.700867 0.999999
75.6994 0.243034 0.0555396 0.701425 0.999999
75.7994 0.242765 0.0552541 0.701981 0.999999
75.8994 0.242496 0.0549699 0.702533 0.999999
75.9994 0.24223 0.0546868 0.703083 0.999999
76.0994 0.241965 0.0544048 0.70363 0.999999
76.1994 0.241701 0.0541241 0.704174 0.999999
76.2994 0.24144 0.0538445 0.704715 0.999999
76.3994 0.24118 0.053566 0.705254 0.999999
76.4994 0.240921 0.0532888 0.705789 0.999999
76.5994 0.240665 0.0530126 0.706322 0.999999
76.6994 0.240409 0.0527377 0.706852 0.999999
76.7994 0.240156 0.0524639 0.70738 0.999999
76.8994 0.239904 0.0521912 0.707904 0.999999
76.9994 0.239653 0.0519197 0.708426 0.999999
77.0994 0.239405 0.0516494 0.708945 0.999999
77.1994 0.239157 0.0513802 0.709462 0.999999
77.2994 0.238912 0.0511121 0.709976 0.999999
77.3994 0.238667 0.0508453 0.710487 0.999999
77.4994 0.238425 0.0505795 0.710995 0.999999
77.5994 0.238183 0.0503149 0.711501 0.999999
77.6994 0.237944 0.0500514 0.712004 0.999999
77.7994 0.237706 0.0497891 0.712505 0.999999
77.8994 0.237469 0.0495279 0.713003 0.999999
77.9994 0.237234 0.0492679 0.713498 0.999999
78.0994 0.237 0.0490089 0.71399 0.999999
78.1994 0.236768 0.0487512 0.714481 0.999999
78.2994 0.236537 0.0484945 0.714968 0.999999
78.3994 0.236307 0.048239 0.715453 0.999999
78.4994 0.236079 0.0479846 0.715935 0.999999
78.5994 0.235853 0.0477313 0.716415 0.999999
78.6994 0.235628 0.0474791 0.716892 0.999999
78.7994 0.235404 0.0472281 0.717367 0.999999
78.8994 0.235182 0.0469782 0.71784 0.999999
78.9994 0.234961 0.0467293 0.718309 0.999999
79.0994 0.234741 0.0464816 0.718777 0.999999
79.1994 0.234523 0.0462351 0.719241 0.999999
79.2994 0.234306 0.0459896 0.719704 0.999999
79.3994 0.23409 0.0457452 0.720164 0.999999
79.4994 0.233876 0.0455019 0.720621 0.999999
79.5994 0.233663 0.0452597 0.721076 0.999999
79.6994 0.233452 0.0450186 0.721529 0.999999
79.7994 0.233242 0.0447786 0.721979 0.999999
79.8994 0.233033 0.0445397 0.722427 0.999999
79.9994 0.232825 0.0443019 0.722872 0.999999
80.0993 0.232619 0.0440652 0.723315 0.999999
80.1993 0.232414 0.0438296 0.723756 0.999999
80.2993 0.23221 0.043595 0.724194 0.999999
80.3993 0.232008 0.0433615 0.72463 0.999999
80.4993 0.231806 0.0431291 0.725064 0.999999
80.5993 0.231607 0.0428978 0.725495 0.999999
80.6993 0.231408 0.0426675 0.725924 0.999999
80.7993 0.23121 0.0424383 0.726351 0.999999
80.8993 0.231014 0.0422101 0.726775 0.999999
80.9993 0.230819 0.0419831 0.727197 0.999999
81.0993 0.230625 0.041757 0.727617 0.999999
81.1993 0.230433 0.0415321 0.728035 0.999999
81.2993 0.230241 0.0413082 0.72845 0.999999
81.3993 0.230051 0.0410853 0.728863 0.999999
81.4993 0.229862 0.0408635 0.729274 0.999999
81.5993 0.229674 0.0406427 0.729683 0.999999
81.6993 0.229487 0.040423 0.730089 0.999999
81.7993 0.229302 0.0402043 0.730493 0.999999
81.8993 0.229118 0.0399866 0.730895 0.999999
81.9993 0.228934 0.03977 0.731295 0.999999
82.0993 0.228752 0.0395544 0.731693 0.999999
82.1993 0.228571 0.0393398 0.732088 0.999999
82.2993 0.228391 0.0391262 0.732482 0.999999
82.3993 0.228213 0.0389137 0.732873 0.999999
82.4993 0.228035 0.0387022 0.733262 0.999999
82.5993 0.227859 0.0384917 0.733649 0.999999
82.6993 0.227683 0.0382821 0.734034 0.999999
82.7993 0.227509 0.0380737 0.734417 0.999999
82.8993 0.227336 0.0378662 0.734798 0.999999
82.9993 0.227163 0.0376597 0.735176 0.999999
83.0993 0.226992 0.0374542 0.735553 0.999999
83.1993 0.226822 0.0372497 0.735928 0.999999
83.2993 0.226653 0.0370461 0.7363 0.999999
83.3993 0.226485 0.0368436 0.73667 0.999999
83.4993 0.226318 0.0366421 0.737039 0.999999
83.5993 0.226153 0.0364415 0.737405 0.999999
83.6993 0.225988 0.0362419 0.73777 0.999999
83.7993 0.225824 0.0360433 0.738132 0.999999
83.8993 0.225661 0.0358456 0.738493 0.999999
83.9993 0.225499 0.035649 0.738851 0.999999
84.0993 0.225339 0.0354533 0.739208 0.999999
84.1993 0.225179 0.0352585 0.739562 0.999999
84.2993 0.22502 0.0350647 0.739915 0.999999
84.3993 0.224862 0.0348719 0.740265 0.999999
84.4993 0.224705 0.03468 0.740614 0.999999
84.5993 0.22455 0.034489 0.740961 0.999999
84.6993 0.224395 0.034299 0.741306 0.999999
84.7993 0.224241 0.03411 0.741649 0.999999
84.8993 0.224088 0.0339218 0.74199 0.999999
84.9993 0.223936 0.0337347 0.742329 0.999999
85.0993 0.223785 0.0335484 0.742666 0.999999
85.1993 0.223635 0.0333631 0.743002 0.999999
85.2993 0.223485 0.0331787 0.743335 0.999999
85.3993 0.223337 0.0329952 0.743667 0.999999
85.4993 0.22319 0.0328126 0.743997 0.999999
85.5993 0.223043 0.0326309 0.744325 0.999999
85.6993 0.222898 0.0324502 0.744652 0.999999
85.7993 0.222753 0.0322704 0.744976 0.999999
85.8993 0.222609 0.0320914 0.745299 0.999999
85.9993 0.222466 0.0319134 0.74562 0.999999
86.0993 0.222324 0.0317362 0.745939 0.999999
86.1993 0.222183 0.03156 0.746256 0.999999
86.2993 0.222043 0.0313846 0.746572 0.999999
86.3993 0.221904 0.0312102 0.746886 0.999999
86.4993 0.221765 0.0310366 0.747198 0.999999
86.5993 0.221627 0.0308639 0.747508 0.999999
86.6992 0.221491 0.030692 0.747817 0.999999
86.7992 0.221355 0.0305211 0.748124 0.999999
86.8992 0.22122 0.030351 0.748429 0.999999
86.9992 0.221085 0.0301818 0.748732 0.999999
87.0992 0.220952 0.0300134 0.749034 0.999999
87.1992 0.220819 0.0298459 0.749334 0.999999
87.2992 0.220687 0.0296792 0.749633 0.999999
87.3992 0.220556 0.0295134 0.749929 0.999999
87.4992 0.220426 0.0293485 0.750225 0.999999
87.5992 0.220297 0.0291844 0.750518 0.999999
87.6992 0.220168 0.0290211 0.75081 0.999999
87.7992 0.22004 0.0288587 0.7511 0.999999
87.8992 0.219913 0.0286971 0.751389 0.999999
87.9992 0.219787 0.0285364 0.751676 0.999999
88.0992 0.219662 0.0283765 0.751961 0.999999
88.1992 0.219537 0.0282174 0.752245 0.999999
88.2992 0.219413 0.0280591 0.752527 0.999999
88.3992 0.21929 0.0279016 0.752808 0.999999
88.4992 0.219168 0.027745 0.753087 0.999999
88.5992 0.219046 0.0275891 0.753364 0.999999
88.6992 0.218925 0.0274341 0.75364 0.999999
88.7992 0.218805 0.0272799 0.753914 0.999999
88.8992 0.218686 0.0271265 0.754187 0.999999
88.9992 0.218567 0.0269738 0.754458 0.999999
89.0992 0.218449 0.026822 0.754728 0.999999
89.1992 0.218332 0.026671 0.754996 0.999999
89.2992 0.218215 0.0265207 0.755263 0.999999
89.3992 0.2181 0.0263713 0.755528 0.999999
89.4992 0.217985 0.0262226 0.755792 0.999999
89.5992 0.21787 0.0260747 0.756054 0.999999
89.6992 0.217757 0.0259276 0.756315 0.999999
89.7992 0.217644 0.0257812 0.756574 0.999999
89.8992 0.217532 0.0256356 0.756832 0.999999
89.9992 0.21742 0.0254908 0.757088 0.999999
90.0992 0.217309 0.0253467 0.757343 0.999999
90.1992 0.217199 0.0252034 0.757597 0.999999
90.2992 0.21709 0.0250609 0.757849 0.999999
90.3992 0.216981 0.0249191 0.758099 0.999999
90.4992 0.216873 0.024778 0.758349 0.999999
90.5992 0.216765 0.0246377 0.758596 0.999999
90.6992 0.216658 0.0244981 0.758843 0.999999
90.7992 0.216552 0.0243593 0.759088 0.999999
90.8992 0.216447 0.0242212 0.759331 0.999999
90.9992 0.216342 0.0240839 0.759574 0.999999
91.0992 0.216238 0.0239472 0.759815 0.999999
91.1992 0.216134 0.0238113 0.760054 0.999999
91.2992 0.216031 0.0236761 0.760292 0.999999
91.3992 0.215929 0.0235417 0.760529 0.999999
91.4992 0.215827 0.0234079 0.760764 0.999999
91.5992 0.215726 0.0232749 0.760998 0.999999
91.6992 0.215626 0.0231426 0.761231 0.999999
91.7992 0.215526 0.0230109 0.761463 0.999999
91.8992 0.215427 0.02288 0.761693 0.999999
91.9992 0.215328 0.0227498 0.761922 0.999999
92.0992 0.21523 0.0226203 0.762149 1
92.1992 0.215133 0.0224914 0.762375 1
92.2992 0.215036 0.0223633 0.7626 0.999999
92.3992 0.21494 0.0222358 0.762824 0.999999
92.4992 0.214844 0.0221091 0.763046 1
92.5992 0.214749 0.021983 0.763267 1
92.6992 0.214655 0.0218576 0.763487 1
92.7992 0.214561 0.0217328 0.763706 1
92.8992 0.214468 0.0216088 0.763923 0.999999
92.9992 0.214375 0.0214854 0.764139 0.999999
93.0992 0.214283 0.0213626 0.764354 0.999999
93.1992 0.214191 0.0212406 0.764567 0.999999
93.2991 0.2141 0.0211191 0.76478 1
93.3991 0.21401 0.0209984 0.764991 0.999999
93.4991 0.21392 0.0208783 0.765201 0.999999
93.5991 0.213831 0.0207588 0.76541 1
93.6991 0.213742 0.02064 0.765617 1
93.7991 0.213654 0.0205218 0.765824 1
93.8991 0.213566 0.0204043 0.766029 1
93.9991 0.213479 0.0202874 0.766233 1
94.0991 0.213392 0.0201712 0.766436 1
94.1991 0.213306 0.0200555 0.766638 1
94.2991 0.213221 0.0199405 0.766838 1
94.3991 0.213136 0.0198262 0.767038 0.999999
94.4991 0.213051 0.0197124 0.767236 0.999999
94.5991 0.212967 0.0195993 0.767433 0.999999
94.6991 0.212884 0.0194868 0.767629 0.999999
94.7991 0.212801 0.0193749 0.767824 0.999999
94.8991 0.212718 0.0192636 0.768018 0.999999
94.9991 0.212636 0.0191529 0.76821 0.999999
95.0991 0.212555 0.0190428 0.768402 0.999999
95.1991 0.212474 0.0189334 0.768592 0.999999
95.2991 0.212393 0.0188245 0.768782 0.999999
95.3991 0.212313 0.0187162 0.76897 0.999999
95.4991 0.212234 0.0186085 0.769157 0.999999
95.5991 0.212155 0.0185014 0.769343 0.999999
95.6991 0.212076 0.0183949 0.769528 0.999999
95.7991 0.211998 0.018289 0.769712 0.999999
95.8991 0.211921 0.0181836 0.769895 0.999999
95.9991 0.211844 0.0180789 0.770077 0.999999
96.0991 0.211767 0.0179747 0.770257 0.999999
96.1991 0.211691 0.0178711 0.770437 0.999999
96.2991 0.211615 0.017768 0.770616 0.999999
96.3991 0.21154 0.0176655 0.770794 0.999999
96.4991 0.211465 0.0175636 0.77097 0.999999
96.5991 0.211391 0.0174623 0.771146 0.999999
96.6991 0.211317 0.0173615 0.771321 0.999999
96.7991 0.211244 0.0172612 0.771494 0.999999
96.8991 0.211171 0.0171615 0.771667 0.999999
96.9991 0.211099 0.0170624 0.771838 0.999999
97.0991 0.211027 0.0169638 0.772009 0.999999
97.1991 0.210955 0.0168658 0.772179 0.999999
97.2991 0.210884 0.0167683 0.772347 0.999999
97.3991 0.210813 0.0166713 0.772515 0.999999
97.4991 0.210743 0.0165749 0.772682 0.999999
97.5991 0.210673 0.016479 0.772848 0.999999
97.6991 0.210604 0.0163836 0.773012 1
97.7991 0.210534 0.0162888 0.773176 1
97.8991 0.210466 0.0161945 0.773339 1
97.9991 0.210398 0.0161007 0.773501 1
98.0991 0.21033 0.0160075 0.773662 1
98.1991 0.210263 0.0159147 0.773822 1
98.2991 0.210196 0.0158225 0.773981 1
98.3991 0.210129 0.0157308 0.77414 1
98.4991 0.210063 0.0156396 0.774297 1
98.5991 0.209997 0.0155489 0.774453 1
98.6991 0.209932 0.0154587 0.774609 1
98.7991 0.209867 0.0153691 0.774763 1
98.8991 0.209803 0.0152799 0.774917 1
98.9991 0.209739 0.0151912 0.77507 1
99.0991 0.209675 0.015103 0.775222 1
99.1991 0.209611 0.0150153 0.775373 1
99.2991 0.209549 0.0149281 0.775523 1
99.3991 0.209486 0.0148414 0.775672 1
99.4991 0.209424 0.0147552 0.775821 1
99.5991 0.209362 0.0146694 0.775968 1
99.6991 0.209301 0.0145841 0.776115 1
99.799 0.20924 0.0144993 0.776261 1
99.899 0.209179 0.014415 0.776406 1
99.999 0.209119 0.0143312 0.77655 1
100.099 0.209059 0.0142478 0.776693 1
100.199 0.208999 0.0141649 0.776836 1
100.299 0.20894 0.0140825 0.776977 1
100.399 0.208881 0.0140005 0.777118 1
100.499 0.208823 0.013919 0.777258 1
100.599 0.208764 0.0138379 0.777397 1
100.699 0.208707 0.0137573 0.777536 1
100.799 0.208649 0.0136772 0.777673 1
100.899 0.208592 0.0135975 0.77781 1
100.999 0.208535 0.0135182 0.777946 1
101.099 0.208479 0.0134394 0.778081 1
101.199 0.208423 0.0133611 0.778216 1
101.299 0.208367 0.0132831 0.778349 1
101.399 0.208312 0.0132057 0.778482 1
101.499 0.208257 0.0131286 0.778614 1
101.599 0.208202 0.013052 0.778746 1
101.699 0.208148 0.0129759 0.778876 1
101.799 0.208094 0.0129001 0.779006 1
101.899 0.20804 0.0128248 0.779135 1
101.999 0.207987 0.0127499 0.779263 1
102.099 0.207934 0.0126754 0.779391 1
102.199 0.207881 0.0126014 0.779517 1
102.299 0.207829 0.0125278 0.779643 1
102.399 0.207777 0.0124546 0.779769 1
102.499 0.207725 0.0123818 0.779893 1
102.599 0.207673 0.0123094 0.780017 1
102.699 0.207622 0.0122374 0.78014 1
102.799 0.207571 0.0121659 0.780263 1
102.899 0.207521 0.0120947 0.780384 1
102.999 0.207471 0.012024 0.780505 1
103.099 0.207421 0.0119536 0.780625 1
103.199 0.207371 0.0118837 0.780745 1
103.299 0.207322 0.0118141 0.780864 1
103.399 0.207273 0.011745 0.780982 1
103.499 0.207224 0.0116762 0.781099 1
103.599 0.207176 0.0116079 0.781216 1
103.699 0.207128 0.0115399 0.781332 1
103.799 0.20708 0.0114723 0.781447 1
103.899 0.207032 0.0114051 0.781562 1
103.999 0.206985 0.0113382 0.781676 1
104.099 0.206938 0.0112718 0.78179 1
104.199 0.206892 0.0112057 0.781902 1
104.299 0.206845 0.01114 0.782014 1
104.399 0.206799 0.0110747 0.782126 1
104.499 0.206753 0.0110098 0.782237 1
